2500 9.76667e-06
5000 1.85333e-05
7500 2.31e-05
10000 6.00333e-05
12500 4.38333e-05
15000 5.30667e-05
17500 7.24333e-05
20000 0.000227967
22500 8.88e-05
25000 8.28333e-05
30000 0.000105267
35000 0.000142967
40000 0.000154233
45000 0.000183233
50000 0.000177967
60000 0.000217267
70000 0.000310333
80000 0.0003399
90000 0.000386933
100000 0.0003707
110000 0.0004075
120000 0.0004617
130000 0.000477633
140000 0.000712133
150000 0.000686867

2500 0.0029449
5000 0.0118438
7500 0.0314345
10000 0.043101
12500 0.0814892
15000 0.106809
17500 0.136107
20000 0.16434
22500 0.206678
25000 0.320723
30000 0.415848
35000 0.543102
40000 0.656186
45000 0.825732
50000 1.28759
60000 1.6754
70000 2.23065
80000 3.00072
90000 4.93393
100000 7.301
110000 9.24897
120000 9.538
130000 11.108
140000 11.5881
150000 13.937

2500 1.70333e-05
5000 2.96e-05
7500 3.37333e-05
10000 0.000114
12500 6.93e-05
15000 0.000100733
17500 0.000118967
20000 0.000175467
22500 0.0001976
25000 0.000171767
30000 0.000258067
35000 0.0003422
40000 0.000516633
45000 0.000527767
50000 0.000573667
60000 0.000824967
70000 0.000882233
80000 0.00105227
90000 0.0013678
100000 0.00174643
110000 0.00218223
120000 0.00177793
130000 0.00242117
140000 0.00228597
150000 0.00323503

2500 0.00239107
5000 0.0064209
7500 0.0175708
10000 0.0419289
12500 0.077091
15000 0.104791
17500 0.13654
20000 0.164369
22500 0.206988
25000 0.307099
30000 0.240517
35000 0.334159
40000 0.653266
45000 0.814704
50000 1.00317
60000 1.24876
70000 1.94958
80000 2.40066
90000 3.10757
100000 4.38085
110000 3.55423
120000 6.05091
130000 6.87155
140000 6.58058
150000 6.75355

2500 1.4e-05
5000 2.69667e-05
7500 4.19333e-05
10000 5.95667e-05
12500 7.05667e-05
15000 0.0005935
17500 0.000154533
20000 0.0001734
22500 0.000196767
25000 0.000222167
30000 0.000264333
35000 0.000304767
40000 0.000350033
45000 0.000394267
50000 0.000444967
60000 0.000546
70000 0.0006117
80000 0.000521133
90000 0.000667633
100000 0.000745033
110000 0.00122973
120000 0.001858
130000 0.00113647
140000 0.0013095
150000 0.00118893

2500 0.00312827
5000 0.0157846
7500 0.0343633
10000 0.0614112
12500 0.0953913
15000 0.08384
17500 0.114574
20000 0.145217
22500 0.180434
25000 0.223952
30000 0.321295
35000 0.533742
40000 0.962976
45000 1.21966
50000 1.50747
60000 1.86128
70000 2.87489
80000 3.38793
90000 4.47101
100000 5.916
110000 7.20319
120000 7.53013
130000 9.03095
140000 9.44055
150000 11.109

2500 2.12333e-05
5000 4.18333e-05
7500 6.28333e-05
10000 0.000102567
12500 0.0001559
15000 0.000144833
17500 0.000195333
20000 0.000258167
22500 0.0001798
25000 0.000289067
30000 0.000335167
35000 0.0004173
40000 0.0004402
45000 0.0004842
50000 0.000532867
60000 0.0007667
70000 0.00122903
80000 0.00117547
90000 0.00135147
100000 0.00141257
110000 0.001582
120000 0.00396373
130000 0.00293667
140000 0.00412413
150000 0.00395747

2500 0.00264563
5000 0.0098202
7500 0.0220443
10000 0.0369155
12500 0.0582727
15000 0.0845258
17500 0.112797
20000 0.149063
22500 0.200214
25000 0.199065
30000 0.197005
35000 0.278733
40000 0.475287
45000 0.758406
50000 0.921031
60000 1.09637
70000 1.65729
80000 2.35436
90000 2.55547
100000 2.86879
110000 3.35629
120000 4.58007
130000 5.65225
140000 6.42173
150000 7.34628

2500 1.14667e-05
5000 2.25e-05
7500 3.58333e-05
10000 4.52333e-05
12500 5.66667e-05
15000 7.03e-05
17500 8.17e-05
20000 9.32e-05
22500 0.000105333
25000 0.000113033
30000 0.0001419
35000 0.000161967
40000 0.000185533
45000 0.000211833
50000 0.0002317
60000 0.000226333
70000 0.000281533
80000 0.000520233
90000 0.000420033
100000 0.000477067
110000 0.0005143
120000 0.000593933
130000 0.000707233
140000 0.000756267
150000 0.000835667

2500 0.00495703
5000 0.0194866
7500 0.0430764
10000 0.0780166
12500 0.122678
15000 0.160882
17500 0.20647
20000 0.191915
22500 0.390394
25000 0.481189
30000 0.695147
35000 0.848416
40000 1.23381
45000 1.53258
50000 1.52148
60000 2.09823
70000 2.79849
80000 3.58888
90000 4.79983
100000 5.9041
110000 6.60889
120000 8.72021
130000 11.7224
140000 11.796
150000 12.2643

2500 7.9e-06
5000 2.02667e-05
7500 3.37333e-05
10000 5.18e-05
12500 7.23e-05
15000 8.79e-05
17500 0.0001239
20000 0.000142867
22500 0.000171233
25000 0.000182633
30000 0.0011002
35000 0.000324733
40000 0.0006432
45000 0.000511533
50000 0.000537067
60000 0.0008112
70000 0.00100047
80000 0.00121857
90000 0.001368
100000 0.0017208
110000 0.00172847
120000 0.00218173
130000 0.00288343
140000 0.0023281
150000 0.0032553

2500 0.00345463
5000 0.014972
7500 0.0260555
10000 0.0443592
12500 0.0554535
15000 0.0994931
17500 0.134185
20000 0.175642
22500 0.222568
25000 0.235139
30000 0.396235
35000 0.48216
40000 0.589618
45000 0.794368
50000 0.978246
60000 1.05187
70000 1.59277
80000 3.07724
90000 3.10898
100000 4.11535
110000 4.7048
120000 5.38415
130000 6.46233
140000 8.09812
150000 9.72955

2500 7.8e-06
5000 1.76667e-05
7500 1.99e-05
10000 2.33e-05
12500 2.99333e-05
15000 3.92e-05
17500 4.32e-05
20000 4.91667e-05
22500 5.25333e-05
25000 5.83e-05
30000 7.34333e-05
35000 8.51667e-05
40000 0.000106033
45000 0.000105567
50000 0.000119967
60000 0.000153067
70000 0.000176867
80000 0.000199067
90000 0.000233667
100000 0.000256033
110000 0.000298767
120000 0.0003857
130000 0.000414933
140000 0.000650167
150000 0.0005723

2500 0.0053418
5000 0.0222097
7500 0.0503482
10000 0.0868919
12500 0.134105
15000 0.201411
17500 0.266344
20000 0.250462
22500 0.349503
25000 0.520923
30000 0.780344
35000 0.786663
40000 1.34124
45000 1.49652
50000 2.00886
60000 3.09895
70000 3.46001
80000 4.60548
90000 5.93559
100000 7.02813
110000 8.31763
120000 10.2062
130000 12.904
140000 16.8879
150000 15.698

2500 5.96667e-06
5000 1.24e-05
7500 1.75667e-05
10000 3.45e-05
12500 3.62333e-05
15000 4.04e-05
17500 5.78e-05
20000 8.16333e-05
22500 9.81e-05
25000 9.43333e-05
30000 0.0001455
35000 0.0001668
40000 0.000223133
45000 0.0002577
50000 0.000332433
60000 0.0004108
70000 0.0007079
80000 0.000773267
90000 0.000816433
100000 0.0013205
110000 0.00138843
120000 0.00121923
130000 0.00178957
140000 0.00209867
150000 0.00283153

2500 0.00353873
5000 0.0116738
7500 0.0254371
10000 0.0435003
12500 0.0684211
15000 0.100557
17500 0.134399
20000 0.173278
22500 0.22206
25000 0.200145
30000 0.372772
35000 0.509417
40000 0.453354
45000 0.580024
50000 0.71425
60000 0.985397
70000 1.98902
80000 2.1418
90000 3.44139
100000 4.33916
110000 4.02578
120000 5.98088
130000 5.74784
140000 6.39245
150000 7.16721

2500 0.00552953
5000 0.0188636
7500 0.022102
10000 0.0374313
12500 0.0579741
15000 0.100279
17500 0.119016
20000 0.235146
22500 0.407697
25000 0.265429
30000 0.69486
35000 0.701241
40000 0.833513
45000 0.850729
50000 1.32359
60000 1.54177
70000 2.89636
80000 4.18744
90000 4.79747
100000 6.62845
110000 5.92054
120000 5.46097
130000 6.38412
140000 7.5734
150000 11.5902

2500 0.00346937
5000 0.0263267
7500 0.0693671
10000 0.137217
12500 0.211447
15000 0.352858
17500 0.460489
20000 0.412158
22500 0.942698
25000 1.20115
30000 1.72883
35000 2.03813
40000 2.127
45000 2.79345
50000 3.29973
60000 4.32484
70000 6.38915
80000 7.58283
90000 9.61287
100000 10.6359
110000 12.8441
120000 10.5943
130000 12.3088
140000 15.8991
150000 21.1032

2500 0.0064429
5000 0.02035
7500 0.0444665
10000 0.0808887
12500 0.122247
15000 0.179921
17500 0.239464
20000 0.318912
22500 0.397749
25000 0.298103
30000 0.727746
35000 0.902571
40000 0.616036
45000 0.768755
50000 0.953867
60000 1.40583
70000 2.04094
80000 4.73258
90000 4.69984
100000 6.13557
110000 9.22324
120000 8.31787
130000 8.86065
140000 12.0061
150000 12.328

2500 0.00309813
5000 0.0113649
7500 0.0217437
10000 0.0378638
12500 0.0591419
15000 0.0855371
17500 0.116852
20000 0.153841
22500 0.19818
25000 0.245094
30000 0.353359
35000 0.475537
40000 0.619499
45000 0.783055
50000 0.968131
60000 1.40527
70000 1.89644
80000 2.47787
90000 3.07072
100000 3.80179
110000 4.58517
120000 5.53007
130000 6.50435
140000 7.50912
150000 8.76669

2500 2.43333e-06
5000 4.43333e-06
7500 6.3e-06
10000 9.73333e-06
12500 1.11667e-05
15000 1.41667e-05
17500 1.53667e-05
20000 1.99333e-05
22500 1.95e-05
25000 2.17333e-05
30000 2.56333e-05
35000 2.97333e-05
40000 3.46333e-05
45000 3.62667e-05
50000 4.08667e-05
60000 4.89333e-05
70000 6.19667e-05
80000 6.72333e-05
90000 8.16667e-05
100000 9.04667e-05
110000 9.40667e-05
120000 0.000109
130000 0.000113033
140000 0.0001226
150000 0.0001348

2500 0.00907353
5000 0.0357816
7500 0.0816999
10000 0.144741
12500 0.227057
15000 0.324827
17500 0.444401
20000 0.583175
22500 0.744058
25000 0.901649
30000 1.35063
35000 1.83129
40000 2.3161
45000 2.98559
50000 3.68477
60000 5.22311
70000 7.20563
80000 9.3994
90000 20.8556
100000 24.6721
110000 30.1707
120000 41.5159
130000 26.6398
140000 28.2599
150000 37.4205

2500 5.76667e-06
5000 1.11333e-05
7500 1.67e-05
10000 0.123456
12500 0.182963
15000 0.275202
17500 0.209108
20000 0.388429
22500 0.427592
25000 0.507888
30000 0.693369
35000 0.870862
40000 0.743782
45000 2.0107
50000 0.95861
60000 1.46301
70000 1.9685
80000 2.61831
90000 6.21875
100000 6.92409
110000 8.09619
120000 10.2404
130000 12.8395
140000 8.00047
150000 9.09859

2500 0.00818443
5000 0.0340396
7500 0.0856795
10000 0.16265
12500 0.266267
15000 0.400601
17500 0.586246
20000 0.790265
22500 0.982628
25000 1.23887
30000 1.81812
35000 2.52068
40000 3.33763
45000 4.23211
50000 5.25952
60000 7.6888
70000 10.4019
80000 13.7157
90000 22.6254
100000 31.6097
110000 32.5089
120000 31.8375
130000 36.7798
140000 43.4807
150000 49.0221

2500 0.0002596
5000 0.0005606
7500 0.000860067
10000 0.0012027
12500 0.00152983
15000 0.00177863
17500 0.00219287
20000 0.00248087
22500 0.00286877
25000 0.0031412
30000 0.00391907
35000 0.0046455
40000 0.00528137
45000 0.0061577
50000 0.00692867
60000 0.00822877
70000 0.00965153
80000 0.011425
90000 0.0130457
100000 0.0145494
115000 0.0168341
130000 0.0190406
145000 0.021507
160000 0.0239686
175000 0.0263667
190000 0.0292712
205000 0.0316473
220000 0.0334107
235000 0.0359883
250000 0.0391967
265000 0.0405771
280000 0.0425245
295000 0.0459611

2500 0.000249267
5000 0.000538567
7500 0.0009046
10000 0.00138617
12500 0.00143863
15000 0.0018012
17500 0.00211653
20000 0.00246847
22500 0.0027315
25000 0.00308177
30000 0.0038327
35000 0.00440997
40000 0.00516443
45000 0.0059684
50000 0.00686277
60000 0.0080907
70000 0.00924967
80000 0.0114693
90000 0.0123698
100000 0.0137927
115000 0.0159505
130000 0.0184791
145000 0.0211858
160000 0.0242223
175000 0.025969
190000 0.028041
205000 0.0306751
220000 0.033266
235000 0.0367918
250000 0.0370166
265000 0.0402126
280000 0.0414352
295000 0.0454325

2500 0.000306367
5000 0.000564667
7500 0.000932433
10000 0.00123683
12500 0.001586
15000 0.00186313
17500 0.00249897
20000 0.00275943
22500 0.00297617
25000 0.00338127
30000 0.0047611
35000 0.0047137
40000 0.0053981
45000 0.0061287
50000 0.0068133
60000 0.00832067
70000 0.00983407
80000 0.0112096
90000 0.0132877
100000 0.015261
115000 0.0172708
130000 0.018861
145000 0.0213012
160000 0.0240713
175000 0.0263045
190000 0.0296238
205000 0.0316082
220000 0.0342047
235000 0.0356186
250000 0.0381046
265000 0.041161
280000 0.0443925
295000 0.0459727

2500 0.000367967
5000 0.0007226
7500 0.00104057
10000 0.0014634
12500 0.00187333
15000 0.0025384
17500 0.00274713
20000 0.00374147
22500 0.00366507
25000 0.0042647
30000 0.0050565
35000 0.00611447
40000 0.0068636
45000 0.0080867
50000 0.00917067
60000 0.0108694
70000 0.012931
80000 0.0148923
90000 0.0174402
100000 0.019026
115000 0.022084
130000 0.0258181
145000 0.029728
160000 0.0317811
175000 0.0355724
190000 0.0388935
205000 0.0434803
220000 0.0467289
235000 0.0485179
250000 0.0525739
265000 0.05708
280000 0.0592343
295000 0.0650927

2500 0.0010081
5000 0.00200223
7500 0.0030201
10000 0.00416613
12500 0.00523843
15000 0.006155
17500 0.00726027
20000 0.00820887
22500 0.0128045
25000 0.011838
30000 0.012709
35000 0.0149173
40000 0.0170361
45000 0.01911
50000 0.0215324
60000 0.0253864
70000 0.0299041
80000 0.0359597
90000 0.0397994
100000 0.0448984
115000 0.0520202
130000 0.0645996
145000 0.0775268
160000 0.0719981
175000 0.0793337
190000 0.082737
205000 0.0916077
220000 0.0978029
235000 0.102902
250000 0.108254
265000 0.115896
280000 0.123255
295000 0.13006

2500 0.0009986
5000 0.00203393
7500 0.0032351
10000 0.00419477
12500 0.00534697
15000 0.00623883
17500 0.0072749
20000 0.0089602
22500 0.00963677
25000 0.011057
30000 0.0127285
35000 0.0148773
40000 0.0167529
45000 0.0187605
50000 0.0215814
60000 0.0257695
70000 0.0303706
80000 0.0331256
90000 0.0383518
100000 0.0428203
115000 0.0511027
130000 0.0557545
145000 0.0642607
160000 0.0673522
175000 0.0755936
190000 0.08528
205000 0.0920574
220000 0.0952131
235000 0.102909
250000 0.106347
265000 0.115747
280000 0.120575
295000 0.12904

2500 0.000980367
5000 0.00204873
7500 0.00304573
10000 0.004413
12500 0.0053505
15000 0.0067365
17500 0.0078486
20000 0.0088615
22500 0.0099708
25000 0.0111798
30000 0.0131416
35000 0.0153146
40000 0.0173133
45000 0.019132
50000 0.0215394
60000 0.0259553
70000 0.0311594
80000 0.0352301
90000 0.0409825
100000 0.0465098
115000 0.0503704
130000 0.0557254
145000 0.0638608
160000 0.0720138
175000 0.080161
190000 0.0881423
205000 0.0944673
220000 0.101232
235000 0.104413
250000 0.114644
265000 0.120859
280000 0.126443
295000 0.133998

2500 0.00141967
5000 0.00262047
7500 0.00357497
10000 0.0048978
12500 0.00623803
15000 0.0076039
17500 0.00872223
20000 0.0102519
22500 0.011011
25000 0.0138023
30000 0.0147128
35000 0.0173194
40000 0.0196434
45000 0.0221626
50000 0.0244826
60000 0.0292694
70000 0.0349527
80000 0.0398314
90000 0.0450375
100000 0.0499018
115000 0.0604699
130000 0.065814
145000 0.0762942
160000 0.0831885
175000 0.0884969
190000 0.0991009
205000 0.109461
220000 0.13312
235000 0.215847
250000 0.124673
265000 0.134676
280000 0.145397
295000 0.153555

2500 0.00152313
5000 0.00270167
7500 0.00412083
10000 0.00490823
12500 0.0057087
15000 0.0065244
17500 0.00783177
20000 0.00851627
22500 0.0097884
25000 0.0101494
30000 0.0120926
35000 0.0158274
40000 0.0135779
45000 0.0146425
50000 0.0161717
60000 0.0181241
70000 0.0187296
80000 0.0231898
90000 0.0222875
100000 0.0231927
115000 0.0243764
130000 0.0279344
145000 0.0285767
160000 0.0343878
175000 0.0341664
190000 0.039799
205000 0.0409496
220000 0.0425463
235000 0.044334
250000 0.0450475
265000 0.0484991
280000 0.0481409
295000 0.0498294
310000 0.0569729
325000 0.0562527
340000 0.062922
355000 0.062979
370000 0.0663424
385000 0.0706257
400000 0.0708629
415000 0.0714412
430000 0.0788105
445000 0.0837431
460000 0.0877348
475000 0.08983
490000 0.101679
505000 0.0981396
520000 0.10059
535000 0.10747
550000 0.109657
565000 0.12395
580000 0.139746
595000 0.143587

2500 0.001471
5000 0.00290183
7500 0.00430593
10000 0.00567517
12500 0.00714807
15000 0.00867037
17500 0.0098951
20000 0.009274
22500 0.00947387
25000 0.0117065
30000 0.0118685
35000 0.0138106
40000 0.0153772
45000 0.0189799
50000 0.0206767
60000 0.0240486
70000 0.0241593
80000 0.0245912
90000 0.0285953
100000 0.0304066
115000 0.033574
130000 0.0319072
145000 0.0290128
160000 0.0312355
175000 0.0350346
190000 0.0354935
205000 0.116416
220000 0.0451784
235000 0.0457544
250000 0.0454084
265000 0.0685452
280000 0.0528291
295000 0.049012
310000 0.0524903
325000 0.0642203
340000 0.0646211
355000 0.0696574
370000 0.0903187
385000 0.0743755
400000 0.0730866
415000 0.0898758
430000 0.105565
445000 0.121012
460000 0.259284
475000 0.114895
490000 0.112111
505000 0.115855
520000 0.110286
535000 0.120373
550000 0.115489
565000 0.13328
580000 0.136139
595000 0.154803

2500 0.0012201
5000 0.00304603
7500 0.00402393
10000 0.00607167
12500 0.00717553
15000 0.00834603
17500 0.00939317
20000 0.0108591
22500 0.0135793
25000 0.0127145
30000 0.0158539
35000 0.0183801
40000 0.0166683
45000 0.019113
50000 0.0215271
60000 0.0248804
70000 0.0259592
80000 0.0240035
90000 0.024993
100000 0.0263961
115000 0.0280562
130000 0.0306353
145000 0.0316516
160000 0.0337974
175000 0.034934
190000 0.0381667
205000 0.0420664
220000 0.0545194
235000 0.0497699
250000 0.0580923
265000 0.0527253
280000 0.0522074
295000 0.0773461
310000 0.0843207
325000 0.104318
340000 0.106094
355000 0.0959748
370000 0.0850355
385000 0.0856986
400000 0.0844749
415000 0.100532
430000 0.10014
445000 0.100621
460000 0.102714
475000 0.0969639
490000 0.104492
505000 0.110379
520000 0.125095
535000 0.123752
550000 0.120527
565000 0.178358
580000 0.196739
595000 0.158507

2500 0.00140307
5000 0.00349583
7500 0.00477363
10000 0.00642383
12500 0.0077702
15000 0.0089115
17500 0.0103744
20000 0.0115069
22500 0.0123735
25000 0.013332
30000 0.0157861
35000 0.0177017
40000 0.0186091
45000 0.0206449
50000 0.0223617
60000 0.0247004
70000 0.0255735
80000 0.0296451
90000 0.0323485
100000 0.034797
115000 0.0372083
130000 0.0401611
145000 0.0431349
160000 0.0454353
175000 0.0495687
190000 0.0511849
205000 0.0492924
220000 0.0502809
235000 0.0551559
250000 0.0559414
265000 0.0613315
280000 0.0622943
295000 0.0632955
310000 0.0663986
325000 0.0756269
340000 0.0769073
355000 0.073939
370000 0.075578
385000 0.094706
400000 0.0938411
415000 0.102345
430000 0.114973
445000 0.120348
460000 0.118239
475000 0.108637
490000 0.112058
505000 0.113807
520000 0.111719
535000 0.126089
550000 0.117943
565000 0.129744
580000 0.115742
595000 0.120698

